14767
14914
15070
15130
15245
15402
15467
15505
15568
15581
14978
15074
15183
15311
15444
15556
15592
15635
15658
15661
15048
15151
15239
15387
15518
15584
15661
15728
15744
15712
15090
15215
15338
15448
15543
15626
15690
15766
15744
15680
15150
15338
15442
15523
15608
15667
15712
15746
15744
15696
15269
15426
15529
15575
15644
15676
15712
15721
15712
15718
15316
15499
15556
15636
15658
15705
15682
15686
15776
15824
15328
15495
15565
15616
15632
15675
15670
15699
15776
15824
15325
15471
15555
15585
15634
15659
15616
15674
15716
15730
15263
15428
15517
15552
15616
15616
15608
15616
15640
15660
15547
15492
15467
15458
15396
15357
15302
15272
15292
15224
15626
15633
15560
15570
15503
15456
15494
15448
15348
15310
15650
15628
15583
15552
15552
15520
15531
15430
15376
15296
15680
15644
15582
15552
15560
15552
15529
15434
15360
15273
15687
15648
15591
15538
15552
15552
15520
15464
15352
15289
15698
15648
15610
15543
15552
15525
15475
15421
15304
15260
15716
15648
15652
15552
15516
15468
15392
15314
15296
15232
15693
15712
15640
15560
15500
15419
15314
15241
15264
15236
15706
15650
15601
15507
15398
15348
15232
15208
15221
15239
15613
15584
15529
15402
15304
15226
15148
15119
15131
15249
15193
15098
14987
14934
14877
14766
14715
14630
14553
14326
15239
15174
15108
15020
14923
14792
14707
14626
14572
14438
15243
15168
15075
14994
14953
14806
14696
14624
14592
14480
15216
15136
15057
14977
14934
14824
14693
14640
14576
14516
15200
15151
15040
14995
14954
14881
14752
14619
14583
14480
15175
15164
15061
15019
15008
14917
14788
14640
14544
14498
15212
15156
15092
15040
15000
14865
14734
14633
14500
14370
15220
15136
15066
15011
14944
14773
14667
14597
14495
14376
15306
15235
15043
14945
14821
14685
14615
14565
14440
14285
15271
15170
15105
14842
14719
14611
14570
14473
14384
14243
14146
14027
13918
13831
13674
13461
13314
13219
12987
12626
14256
14178
14041
13921
13758
13589
13424
13332
13146
12754
14288
14188
14096
13921
13828
13674
13500
13336
13186
12806
14320
14200
14090
13872
13800
13704
13464
13336
13163
12733
14321
14204
14099
13897
13784
13693
13480
13296
13191
12919
14320
14178
14085
13927
13780
13650
13467
13314
13209
12979
14300
14203
14013
13864
13719
13590
13489
13309
13184
12956
14271
14141
13959
13808
13704
13544
13406
13288
13155
12944
14141
14066
13944
13784
13721
13526
13347
13217
13074
12881
14078
13969
13889
13784
13676
13499
13335
13128
13006
12849
12161
6692
5529
5979
6010
5877
4952
4772
4455
10457
12649
7392
6288
5910
5254
4991
4775
4661
4958
9862
12518
10689
5230
5207
5121
5017
4887
4747
5003
8341
11707
11927
5194
5227
5101
4907
4898
5014
5069
6776
12609
12571
6463
5097
5066
5175
5193
5278
4887
5197
12740
12460
9862
5312
5375
5376
5161
4875
4764
4613
12748
12448
12283
5505
5425
5293
4991
4724
4596
4290
12735
12448
12533
5751
5160
4771
4644
4391
4267
4138
12687
12430
12347
8959
4654
4529
4326
4253
4080
3984
12632
12424
12253
11813
4337
4271
3834
4132
4074
3902
10784
10828
11032
11229
11550
11672
11797
11946
12036
12222
10712
10769
10962
11207
11450
11674
11886
11996
12102
12280
10794
10625
10874
11100
11262
11593
11790
11976
12099
12237
10385
10467
10660
10930
11242
11520
11690
11890
12048
12107
10224
10421
10608
10847
11145
11390
11582
11822
11962
12045
10044
10316
10518
10776
11086
11293
11500
11672
11904
12012
8804
10170
10358
10592
10946
11169
11384
11581
11805
11903
7145
10236
10132
10408
10752
11063
11283
11486
11656
11740
5591
9685
9929
10237
10630
10920
11129
11362
11504
11620
4006
9458
9619
9952
10394
10733
11004
11186
11379
11520
12266
12391
12388
12403
12429
12385
12420
12365
11860
7248
12393
12401
12479
12495
12468
12480
12515
12462
11899
7372
12329
12397
12457
12502
12451
12492
12500
12496
11890
7319
12223
12334
12366
12400
12436
12440
12480
12512
11930
7336
12206
12312
12345
12382
12406
12426
12443
12464
11749
7415
12114
12222
12288
12352
12352
12400
12448
12432
11542
7405
11974
12037
12106
12264
12278
12305
12377
12371
11228
7391
11879
11948
12001
12085
12118
12149
12187
12248
10949
7369
11699
11803
11849
11908
11989
12052
12090
12120
10800
7308
11627
11776
11812
11867
11856
11893
11976
11970
10434
7281
6988
6556
6080
5769
5291
4271
3434
2507
2604
8853
7052
6624
6222
5948
5056
4076
3064
2575
2944
2741
7003
6631
6322
5773
4875
3513
3139
2697
3224
3844
6990
6640
6232
5669
5325
5483
5514
5470
5299
5810
6991
6651
6098
5462
5086
5526
5618
5635
5643
5680
7032
6637
6039
5401
5791
5852
5900
5926
5949
5958
6993
6514
5743
5667
6013
6140
6179
6206
6139
5634
6867
6342
5987
6265
6402
6459
6461
6469
6411
6324
7056
5820
6318
6537
6665
6720
6711
6694
6648
6708
6710
6421
6832
6971
7068
7072
7085
6992
6941
6948
15265
15394
15477
15517
15543
15554
15576
15554
15576
15586
15136
15324
15381
15440
15488
15499
15500
15488
15496
15524
15089
15270
15338
15360
15425
15441
15447
15441
15433
15462
15056
15200
15243
15245
15337
15369
15392
15416
15376
15424
15019
15147
15209
15198
15239
15288
15340
15360
15355
15305
14977
15080
15124
15164
15206
15209
15270
15266
15236
15196
14943
15038
15079
15132
15154
15148
15161
15143
15148
15131
14856
15006
15072
15108
15099
15044
15065
15065
15050
15023
14774
14920
15009
15025
14965
14932
14984
15019
14981
14995
14729
14904
14985
14928
14914
14876
14912
14980
14951
14946
15540
15526
15483
15329
15190
15148
15115
15104
15099
15212
15458
15477
15398
15216
15128
15088
15070
15119
15000
15023
15476
15428
15301
15185
15112
15103
15086
15132
14855
14849
15380
15282
15158
15103
15061
15064
14977
15036
14743
14712
15235
15201
15106
15066
15037
14990
14804
14851
14656
14624
15153
15084
15044
15019
14981
14851
14759
14704
14688
14656
15078
15048
14968
14964
14946
14713
14668
14617
14628
14580
15007
14958
14912
14928
14801
14651
14625
14642
14604
14466
14962
14936
14922
14826
14671
14641
14646
14594
14456
14372
14880
14848
14793
14755
14654
14658
14573
14447
14321
14293
15141
15080
14929
14744
14613
14584
14474
14376
14269
14190
14888
14983
14913
14721
14602
14548
14478
14308
14145
14032
14972
14857
14728
14536
14361
14460
14353
14079
13975
13896
14851
14760
14669
14471
14152
14117
14031
13926
13767
13765
14572
14526
14447
14222
14085
14048
13975
13837
13729
13620
14579
14542
14289
14117
14063
14031
13883
13752
13644
13519
14476
14310
14183
14065
14020
13943
13762
13690
13573
13381
14330
14215
14107
13954
13908
13780
13672
13586
13489
13250
14247
14108
13989
13859
13802
13681
13561
13431
13298
13108
14147
13948
13899
13866
13713
13583
13464
13334
13174
12970
13947
13839
13838
13803
13648
13418
13262
13087
12940
12819
13861
13753
13779
13708
13480
13327
13170
13011
12908
12749
13759
13680
13600
13510
13383
13213
13050
12941
12830
12659
13580
13499
13411
13340
13277
13078
12918
12773
12722
12570
13452
13376
13277
13168
13007
12923
12747
12626
12522
12431
13315
13275
13124
12989
12924
12810
12571
12473
12422
12336
13247
13132
12993
12940
12828
12746
12530
12406
12364
12186
13144
13071
12908
12840
12736
12627
12464
12412
12249
12045
12987
12944
12852
12774
12622
12480
12394
12379
12243
11928
12916
12850
12803
12654
12506
12402
12296
12276
12152
11890
12582
12399
12130
12024
4701
3894
3884
3807
3786
3902
12524
12334
12082
12007
7826
4119
3872
3645
3499
3704
12484
12263
12057
11931
11018
4002
3725
3532
3562
3446
12373
12202
12012
11896
11788
3792
3513
3337
3365
3317
12321
12134
12005
11888
11766
6639
3362
3281
3342
4058
12219
12074
11954
11729
11604
9682
3436
3347
3893
4293
12129
12005
11838
11668
11548
11509
3389
4078
4299
4552
11975
11836
11678
11569
11432
11446
5303
4253
4338
8600
11854
11719
11549
11483
11298
11157
8507
4345
8338
9090
11724
11652
11536
11432
11159
11047
9471
7644
9102
9387
3984
6677
9426
9734
10140
10479
10755
10935
11141
11355
3830
3745
3876
4649
5048
7570
8244
8156
9497
10520
3428
4030
4269
8411
8670
9201
9396
9324
9443
9114
4369
4512
8018
8617
8703
8944
9108
9200
9248
9287
4451
7093
8368
8692
8922
9131
9238
9331
9431
9473
5847
8422
8797
9018
9212
9351
9473
9573
9662
9736
8512
8793
9058
9278
9416
9559
9663
9754
9799
9914
8933
9147
9311
9473
9636
9756
9851
9894
9950
10000
9263
9432
9631
9721
9847
9925
10014
10044
10087
10120
9595
9724
9837
9939
10041
10099
10139
10176
10184
10179
11496
11594
11745
11848
11870
11906
11910
11918
10048
7123
11048
11131
11324
11730
11742
11770
11714
11804
9797
6257
9048
8596
6568
5511
6234
7269
8102
9096
8962
7189
9308
9739
9853
10074
9959
9373
8961
7994
7981
7951
9574
9732
9778
9796
9838
9839
9637
9322
9085
8896
9778
9770
9776
9758
9760
9745
9716
9450
9223
9089
9951
9920
9892
9821
9766
9682
9548
9422
9326
9185
9984
9997
9976
9976
9897
9801
9752
9645
9524
9357
10124
10147
10126
10087
10024
9849
9888
9849
9690
9509
10174
10198
10217
10151
10127
10015
10001
9913
9820
9761
6934
7006
7084
7227
7285
7296
7280
7147
7118
7115
7151
7315
7396
7438
7480
7514
7534
7484
7401
7360
7407
7551
7752
7834
7861
7824
7786
7760
7654
7534
8219
8328
8322
8200
8069
7903
7804
7820
7741
7649
8748
8516
8330
8278
8208
8099
8053
8035
7949
7835
8823
8701
8616
8540
8516
8502
8319
8132
8007
7880
9013
8829
8763
8692
8606
8588
8495
8484
8393
8284
9318
9241
9200
9014
8845
8665
8551
8473
8319
8102
9392
9272
9183
9104
9079
8943
8807
8740
8686
8780
9697
9645
9510
9360
9284
9142
8969
8827
8576
8356
14651
14770
14776
14781
14815
14790
14770
14873
14856
14793
14594
14678
14678
14688
14728
14688
14700
14723
14750
14744
14426
14599
14618
14606
14614
14636
14624
14608
14632
14676
14318
14526
14575
14528
14567
14555
14525
14521
14528
14576
14329
14468
14474
14438
14416
14414
14429
14407
14428
14473
14262
14347
14290
14304
14289
14304
14297
14302
14334
14319
14123
14211
14207
14193
14204
14181
14136
14187
14198
14208
13487
14064
14144
14164
14154
14108
14067
14080
14096
14123
12485
13356
13911
14027
14058
14023
13964
13908
13875
13832
11154
12324
13198
13735
13879
13858
13836
13780
13731
13716
14736
14751
14770
14674
14588
14518
14400
14336
14314
14157
14720
14720
14731
14598
14488
14371
14272
14253
14182
13924
14649
14684
14620
14478
14291
14288
14174
14085
13950
13879
14636
14645
14481
14282
14272
14278
13967
13913
13869
13820
14469
14449
14292
14256
14321
14091
13821
13827
13769
13718
14309
14282
14198
14198
14106
13820
13743
13719
13725
13662
14208
14172
14023
13973
13817
13665
13695
13694
13606
13370
14020
13997
13879
13756
13664
13638
13629
13453
13224
12561
13807
13798
13735
13653
13582
13456
13334
13163
12346
7031
13680
13664
13540
13439
13454
13355
13064
12313
7128
6746
13934
13859
13852
13801
13623
13427
13303
13250
13059
12927
13881
13847
13804
13693
13510
13333
13208
13108
12920
12857
13840
13729
13745
13607
13402
13200
13054
12858
12809
12617
13732
13645
13581
13393
13137
12963
12829
12665
12586
12542
13639
13509
13392
13088
12910
12794
12651
12581
12474
12455
13446
13255
13000
12837
12677
12496
12433
12422
12330
12322
13118
12922
12809
12594
12477
12359
12365
12279
12245
12204
11839
12568
12457
12401
12299
12220
12187
12071
12070
12056
6465
7646
9893
10935
11719
12098
11916
11876
11917
11862
6510
6322
6731
7195
6714
8070
11226
11839
11652
11550
12820
12766
12680
12527
12451
12304
12226
12160
12011
11838
12725
12611
12509
12464
12399
12264
12134
12014
11897
11757
12504
12448
12455
12437
12343
12175
12054
11916
11841
11680
12437
12384
12415
12376
12237
12099
11998
11871
11762
11601
12348
12333
12320
12206
12075
11993
11932
11830
11724
11597
12266
12231
12132
12034
11969
11913
11845
11790
11656
11539
12128
12081
11955
11860
14709
11814
11708
11650
11522
11443
11959
11832
11753
13257
11666
11681
11603
11578
11465
10578
11668
11597
11576
11584
11574
11537
11487
11509
11175
4113
11482
11510
11514
11523
11494
11420
11334
11387
5193
9261
11693
11575
11466
11265
11021
10118
6798
9389
9606
9729
11606
11516
11415
11146
10786
5414
9635
9811
9959
10070
11596
11506
11395
11093
4705
9659
9957
10171
10268
10326
11561
11488
11228
5993
9431
10036
10216
10369
10405
10498
11476
11350
7609
8582
10083
10400
10584
10638
10587
10600
11419
8837
7578
10180
10441
10529
10646
10699
10753
10789
9775
5930
10108
10418
10694
10823
10877
10868
10828
10891
4491
10225
10428
10651
10791
10894
10973
10994
11031
11040
9719
10406
10695
10910
10984
10970
10993
10997
11040
11040
10383
10620
10784
10920
11011
11061
11099
11116
11121
11185
9839
9923
10036
10105
10170
10220
10276
10285
10296
10318
10135
10148
10218
10276
10368
10436
10478
10474
10416
10402
10345
10373
10437
10447
10508
10550
10585
10614
10624
10640
10583
10568
10586
10621
10668
10650
10696
10652
10630
10639
10692
10735
10693
10682
10864
10886
10852
10891
10862
10845
10837
10891
10934
10905
10948
10930
10939
10943
10943
10942
10916
10958
11008
11006
11052
11055
11096
11061
11034
11002
11000
11102
11118
11087
11042
11082
11112
11112
11060
11055
11044
11104
11148
11196
11228
11190
11183
11171
11126
11137
11224
11186
11136
11182
11248
11232
11232
11202
11224
11161
10338
10350
10304
10253
10214
10194
10075
9985
9948
9839
10366
10400
10364
10364
10228
10202
10210
10183
10104
9988
10637
10627
10540
10502
10562
10511
10406
10295
10172
10034
10658
10640
10620
10587
10535
10497
10481
10443
10408
10363
10778
10748
10690
10661
10655
10644
10537
10418
10256
10180
10874
10807
10735
10677
10664
10657
10648
10667
10631
10565
10952
10974
11008
10958
10823
10679
10593
10555
10531
10400
10996
10990
10964
10965
10956
10964
10983
10881
10731
10720
11075
11050
11003
10943
10905
10874
10872
10820
10759
10702
11102
11083
11112
11109
11089
11031
10960
10894
10831
10680
9742
9605
9508
9338
9208
9190
9174
9164
9087
8569
9863
9745
9745
9689
9598
9424
9149
8905
8830
8946
9967
9849
9690
9564
9524
9542
9611
9562
9169
8740
10132
10069
10010
9931
9752
9567
9426
9281
9148
9076
10097
9982
9925
9857
9827
9786
9721
9584
9377
9065
10398
10308
10104
9873
9662
9555
9530
9560
9462
9126
10280
10320
10362
10313
10220
9904
9616
9438
9423
9149
10604
10364
10165
10060
10021
10045
10004
9813
9558
9216
10627
10541
10444
10332
10161
9962
9747
9627
9512
9532
10572
10463
10416
10372
10214
10094
9966
9797
9630
9417
11524
11053
11973
12934
13550
13739
13734
13702
13602
13576
11586
11585
11163
11601
12597
13246
13502
13538
13457
13419
11745
11656
11536
11276
11126
12179
12889
13307
13327
13255
11524
11746
11618
11480
11251
10856
11794
12514
12946
12957
13266
11270
11614
11577
11438
11175
10700
11238
12036
12550
14635
13370
11388
11434
11526
11358
11077
10629
10655
11403
14943
14731
13456
11593
11007
11403
11215
10975
10576
10008
14133
14897
14611
13307
11645
10191
11087
11118
10769
10419
12187
13899
14571
14351
13261
11696
9944
10628
10823
10504
8638
11648
13387
14193
14103
13241
11834
10108
9650
10508
13479
13387
13335
13304
13261
12967
12279
7665
6457
6621
13295
13214
13107
13032
12746
12319
8313
6225
6214
6689
13061
12925
12794
12520
12060
8437
6193
6384
6301
6590
12838
12619
12341
11948
8550
6143
6870
7394
6666
6315
12534
12200
11886
8400
6335
6020
5977
6773
7216
6783
11828
10119
8063
5999
5915
6766
6340
6065
6496
7323
10222
5465
5430
6083
6230
6076
6471
6411
6799
6203
8690
6846
5331
6349
6397
6324
6215
6400
6595
7029
10056
7788
3606
5192
6197
6864
6656
6731
6437
7023
10363
9958
7562
2912
5083
6233
7095
6831
7100
6520
7138
7084
6927
6562
7582
7039
7679
8707
9769
11228
6438
6777
6786
6749
6627
6818
7205
8038
7204
7874
7233
6716
6458
7341
6931
7621
7052
7108
7683
7704
6848
7360
6700
6497
7112
7266
7967
7260
7403
7717
6423
6957
7304
6872
7300
7021
7446
7382
7839
7581
6803
6729
6483
6918
7347
7461
7143
7572
7096
5415
7043
6629
7505
6958
6937
6994
7395
6757
5606
5285
6673
6548
7228
7536
7074
7052
6296
6013
5551
5414
7473
6983
6600
7055
7451
6142
6256
5588
5501
8858
7425
7475
6786
6616
5314
6627
5073
5410
7236
14371
11334
11347
11360
11355
11319
11180
11282
5792
7853
10264
8510
9460
10510
10997
10994
11102
7174
6234
10164
10530
8472
7248
6210
10431
10702
8090
4394
10060
10362
10730
7452
5360
5563
5951
7964
3781
9700
10114
10479
10732
5391
5497
5462
5360
3530
7524
9323
10016
10438
10689
5538
5493
5449
8065
5339
4430
9596
9790
9984
10511
5598
5470
6182
8030
12503
7074
11690
8009
8988
9825
7643
11938
14838
14128
13801
13679
13908
9389
8231
9217
14862
13801
13556
13716
13968
13767
11505
7203
7831
8723
13081
14084
13931
13338
10070
9516
4755
4466
7311
8438
10615
10853
10992
11009
11030
11100
11139
11130
11148
11185
10750
10927
11012
11088
11171
11163
11139
11191
11229
11218
10881
10976
11043
11104
11152
11187
11257
11290
11328
11385
10904
10985
11092
11130
11174
11203
11288
11289
11288
11355
10912
11036
11104
11168
11203
11310
11442
11490
11444
11414
10799
10978
11091
11144
11232
11337
11385
11420
11501
11539
10455
10859
11049
11157
11348
11400
11401
11414
11456
11520
9910
10511
10919
11169
11348
11397
11443
11495
11506
11504
9576
10305
10859
11157
11296
11391
11471
11505
11568
11583
9427
10232
10922
11228
11367
11355
11420
11498
11542
11574
11227
11287
11343
11326
11258
11248
11286
11325
11323
11303
11171
11216
11293
11344
11361
11404
11416
11341
11354
11332
11378
11361
11331
11388
11414
11408
11408
11310
11307
11365
11406
11424
11470
11468
11432
11446
11486
11421
11425
11435
11428
11447
11480
11531
11520
11540
11504
11545
11525
11468
11549
11508
11480
11536
11549
11595
11603
11540
11482
11442
11536
11568
11614
11614
11556
11586
11590
11652
11655
11621
11544
11609
11584
11608
11635
11616
11648
11631
11604
11645
11564
11550
11646
11671
11719
11782
11673
11587
11621
11617
11625
11678
11666
11732
11760
11723
11757
11807
11724
11629
11198
11052
11002
11052
11096
11061
11025
10983
10934
10815
11331
11363
11347
11207
11088
11019
11077
10946
10816
10775
11354
11346
11274
11296
11340
11283
11139
11105
11061
10923
11370
11273
11230
11217
11247
11213
11232
11215
11158
11062
11466
11497
11452
11346
11260
11278
11215
11176
11102
11023
11463
11491
11396
11382
11382
11351
11249
11156
11097
11067
11492
11431
11472
11488
11351
11225
11207
11192
11111
11016
11631
11627
11537
11448
11474
11431
11338
11191
11016
10931
11608
11565
11563
11524
11496
11417
11361
11295
11238
11077
11585
11635
11586
11548
11488
11437
11411
11344
11181
11053
10657
10558
10457
10321
10125
9974
9902
9762
9607
9381
10682
10634
10501
10366
10299
10158
10008
9776
9570
9318
10752
10493
10341
10229
10174
10091
9995
9877
9682
9453
10897
10738
10615
10454
10173
9926
9804
9730
9631
9415
10982
10881
10699
10508
10402
10304
10129
9885
9557
9201
10930
10741
10586
10492
10311
10192
10071
9963
9792
9606
10910
10855
10737
10539
10247
10096
9991
9811
9611
9369
10882
10796
10660
10533
10388
10237
10062
9789
9537
9858
10877
10672
10531
10459
10374
10178
10033
9785
10099
10828
11026
10966
10804
10511
10190
10076
9983
9760
10209
11131
7927
8440
10940
12970
13989
13977
13238
11827
10186
9268
7797
7972
8233
10535
12675
13625
13677
13043
11786
10325
6776
7819
7996
8156
10087
12006
13175
13433
12927
11822
3214
5089
7320
7977
8042
9495
11709
12903
13227
12854
1526
2416
3532
5538
7528
8083
9105
11049
12478
12968
1366
2690
1512
2434
3844
6061
7506
8642
10480
12078
5055
6216
3685
1270
1648
2670
4161
6518
8566
10180
4959
5832
5425
3079
1235
2236
1633
2873
4822
7570
5434
4864
5678
6461
4855
5907
3594
1295
1748
3091
5454
5536
5427
7935
4865
5518
5667
2875
1416
2333
10000
10274
9935
8305
4738
5037
6169
7198
7277
6956
9208
9444
10355
10309
7693
2389
5129
6361
7236
7565
10502
9260
8971
9634
9606
7576
2160
4861
6417
7144
11864
10545
9325
8739
9256
9665
7492
2056
4712
6277
12699
11806
10638
9348
8655
8777
9352
7543
2075
4824
12723
12592
11762
10650
9410
8538
8500
9072
7156
2140
11688
12482
12320
11703
10727
9605
8562
8335
8760
7117
9883
11270
12161
12201
11668
10604
9572
8553
8076
8518
5583
8849
11018
11879
11858
11314
10503
9522
8573
8007
1933
3789
7252
10205
11416
11656
11230
10459
9601
8665
6583
7012
6830
6021
6690
5155
5338
5195
12868
13878
6927
6399
5946
6581
5104
5127
5262
9902
14671
12492
7645
6653
6354
5204
4865
7191
11747
13828
11996
12404
6518
6598
5418
4825
9658
14302
13966
13624
13322
13769
5869
6084
4793
7482
14506
13960
14006
14086
13753
12699
4907
4373
4633
11969
14176
13539
14344
13678
12118
7575
2299
2740
5641
13907
14375
13820
13541
11342
7206
6676
7474
3000
8187
13943
14290
13793
11879
8880
6780
8540
8169
8488
11724
13921
13916
11374
7771
6663
7652
10886
7973
8114
12382
13875
10686
7802
6517
7827
11093
11149
13541
12848
13646
9203
8959
8063
3604
5047
5339
7807
11989
14086
12229
9886
8399
6813
4923
5032
4991
6161
14069
13534
8717
7633
11707
9865
7711
5011
4928
4819
13608
9727
7334
9565
12712
13209
10915
5444
4999
5013
8044
7333
9040
14057
13634
12097
7127
5107
5048
5012
6796
9688
13388
12822
12514
8887
5639
5019
4908
5006
8850
13079
14565
13626
12992
7488
5121
5016
4695
5037
11836
12904
13429
13731
11588
5601
5148
5165
4975
4900
11250
13593
12680
11558
8747
5148
5105
5071
5039
8130
12332
12607
10429
8937
6780
4912
4960
4965
5793
10883
9147
10208
10867
11150
11284
11403
11490
11487
11475
11602
8510
10007
10773
11068
11211
11393
11449
11558
11622
11631
7374
9538
10829
11021
11164
11334
11368
11498
11676
11776
5038
9069
10908
11258
11360
11373
11430
11605
11728
11699
5070
6708
11208
11463
11568
11589
11668
11584
11606
11732
5050
9245
11590
11707
11650
11617
11624
11668
11645
11612
6585
11222
11611
11702
11636
11659
11632
11606
11616
11642
10285
11443
11732
11713
11630
11576
11619
11639
11619
11664
11439
11671
11669
11596
11616
11589
11580
11579
11620
11605
11539
11533
11487
11515
11520
11544
11561
11584
11596
11557
11608
11676
11779
11751
11732
11727
11744
11736
11680
11741
11648
11781
11832
11857
11857
11764
11683
11698
11742
11705
11769
11785
11808
11840
11872
11876
11856
11789
11685
11716
11805
11842
11840
11813
11840
11840
11878
11875
11879
11823
11774
11856
11872
11832
11808
11818
11824
11856
11808
11848
11717
11824
11792
11824
11840
11808
11776
11808
11824
11822
11591
11633
11776
11776
11776
11804
11821
11788
11748
11696
11600
11557
11568
11664
11794
11760
11718
11790
11705
11738
11584
11594
11553
11537
11532
11636
11703
11666
11616
11584
11566
11552
11520
11488
11467
11489
11543
11609
11620
11616
11688
11593
11550
11566
11542
11472
11329
11264
11172
11116
11670
11602
11564
11561
11510
11455
11437
11340
11136
11059
11772
11685
11601
11479
11488
11463
11461
11377
11159
11084
11680
11651
11639
11625
11544
11408
11322
11310
11258
11107
11776
11708
11647
11544
11550
11555
11488
11304
11127
11055
11688
11650
11647
11611
11535
11451
11437
11439
11342
11179
11718
11742
11631
11536
11499
11492
11427
11360
11220
11208
11686
11597
11604
11590
11568
11440
11410
11372
11269
11147
11609
11617
11562
11498
11522
11535
11489
11346
11170
11123
11535
11505
11525
11500
11438
11420
11398
11443
11296
11150
11027
10824
10712
10671
10584
10312
9956
9589
9215
11141
10974
10858
10719
10567
10416
10325
10180
9945
9503
10769
11002
10858
10675
10547
10416
10235
10057
9819
9522
9497
11024
10880
10814
10645
10451
10176
10032
9804
9560
7162
11051
10943
10722
10596
10483
10309
10076
9843
9419
5239
10997
10773
10695
10669
10523
10280
10093
10017
9201
2610
11182
11060
10818
10552
10443
10356
10175
10114
7433
1953
11081
11016
10974
10916
10630
10268
10071
10001
4175
1555
11085
10999
10860
10755
10706
10566
10262
9523
2382
1267
11021
10923
10879
10728
10561
10440
10472
8106
2687
1293
6464
4629
4968
5799
5782
5145
5247
6762
4575
6408
5239
5485
4887
4335
6939
5335
5164
7752
5053
5242
6041
6943
4647
5042
6728
6516
4909
5180
5795
5186
4033
5465
3778
4079
4355
5353
5030
4663
6150
6211
2820
3124
3306
3439
3768
4454
7385
4694
4879
7706
1489
1774
2339
2741
3151
3331
5698
3824
4142
4508
1078
949
1269
1389
1756
2354
2823
3112
3260
3506
814
847
1062
1331
1118
1109
1402
1917
2417
2788
692
789
735
5006
1810
896
928
1103
1412
1481
670
588
504
5968
5526
701
758
792
1229
1283
1122
1416
2336
4541
8124
11142
11506
11178
10341
9527
4787
2302
3382
1363
2773
5201
8966
11342
10950
10286
5647
5983
5957
3116
1212
2003
3145
5563
8868
10891
5333
7086
4615
5553
4618
6027
1536
2333
3431
7168
4371
5101
5813
4850
7028
4920
4829
4758
6244
9543
5252
4521
6289
5664
5520
5199
4856
7859
8092
8317
6761
4907
4825
6553
4338
5283
7693
8004
7817
6295
2832
3782
3671
4276
5912
7763
8136
7691
6014
6862
1886
2308
2617
3118
8581
8088
7578
5993
6791
8160
1046
1175
2769
8555
8175
7405
5779
6466
5874
6826
8695
9552
12512
9917
7676
6526
7746
9664
10727
11180
9455
10636
9283
7773
6488
7829
10663
9586
11866
10760
10268
8618
7833
6331
7737
11468
11305
10077
11113
13297
8818
7616
6324
7483
11718
13033
11014
12920
10438
14291
9142
6290
7117
12022
12026
12873
13222
10322
11988
14339
6607
6449
11456
12215
12687
12828
10521
9044
14786
10651
7297
10122
13045
12763
12389
12847
9086
14731
10969
9833
10498
14075
12137
12373
10767
12820
14461
10987
9950
8947
11797
12319
12839
10962
10020
13212
14246
10141
9432
9627
9322
10476
11592
10389
9929
11687
13756
11490
9538
9252
13445
11646
10260
7026
4723
4767
4868
4772
9824
11419
12221
10995
10121
6292
4559
4684
4738
7201
11324
11352
11447
10357
9326
6714
4601
4549
4556
10164
11222
11306
10619
9407
8292
7190
4964
4560
6887
11282
11236
11248
9860
8145
7302
6322
5426
5147
10928
11201
11180
11175
9384
7493
6556
6068
5881
9744
11058
11092
11095
11149
10568
9424
8150
8133
7818
10767
10079
10803
11039
11107
9594
10652
9584
8515
8690
6548
10182
9869
10845
10992
9046
9837
10823
9760
8850
8858
6137
10520
10756
10440
9608
9228
9893
10766
9835
9010
9143
6426
10382
10634
11437
11407
11442
11437
11479
11464
11526
11576
11520
11475
11392
11392
11392
11392
11435
11479
11545
11516
11488
11461
11299
11352
11325
11340
11392
11407
11393
11392
11425
11428
11212
11228
11264
11264
11271
11356
11320
11282
11359
11380
11168
11200
11232
11248
11256
11317
11297
11295
11264
11328
11136
11171
11200
11218
11248
11222
11328
11240
11242
11248
11136
11137
11164
11184
11200
11192
11225
11224
11244
11248
11072
11123
11136
11165
11200
11201
11198
11282
11264
11259
11003
11096
11136
11185
11198
11242
11236
11282
11291
11272
9979
11046
11130
11167
11244
11219
11264
11344
11316
11328
11496
11528
11504
11488
11467
11463
11419
11425
11478
11515
11442
11440
11456
11472
11440
11412
11375
11331
11341
11368
11432
11443
11397
11376
11408
11407
11373
11304
11204
11200
11386
11392
11424
11392
11350
11331
11278
11324
11251
11172
11347
11347
11360
11372
11388
11308
11244
11200
11177
11160
11250
11288
11344
11316
11328
11227
11212
11158
11152
11104
11212
11190
11284
11286
11251
11219
11168
11096
11114
11139
11264
11256
11200
11210
11220
11232
11176
11136
11093
11072
11264
11264
11203
11178
11183
11184
11137
11132
11085
11056
11320
11288
11240
11200
11159
11110
11104
11088
11064
11008
11536
11525
11454
11340
11304
11317
11332
11208
11184
11170
11319
11419
11434
11398
11291
11169
11143
11183
11168
11079
11157
11217
11233
11263
11267
11194
11111
11027
11010
11052
11069
11059
11056
11060
11116
11111
11092
11070
11012
10870
11134
11029
10942
10895
10974
10954
10981
11023
11015
10982
11065
11044
10957
10844
10792
10758
10770
10813
10825
10803
11046
10976
10957
10920
10814
10673
10614
10584
10630
10643
11020
10976
10948
10842
10816
10688
10580
10528
10422
10445
10996
10976
10897
10844
10742
10641
10566
10512
10401
10272
11040
10976
10820
10824
10739
10656
10553
10524
10341
10232
11133
10979
10762
10615
10509
10387
10296
6559
3121
1455
10982
10939
10880
10635
10433
10263
9738
2415
1601
1285
11039
10849
10650
10588
10498
10301
7061
1493
1225
1286
10841
10882
10731
10536
10252
10065
4137
1434
1246
1435
10862
10668
10514
10451
10334
9432
1560
1446
1380
1498
10804
10692
10489
10219
10048
6980
1786
1621
1592
1474
10604
10528
10433
10315
10202
4259
1924
1912
6516
1542
10426
10334
10273
10044
9709
2066
1961
1993
7686
4208
10130
10083
10063
10028
7085
2102
1972
2073
6674
5823
10092
9896
9785
9904
4788
2065
2034
2076
4364
7139
