8758
9130
9687
10095
10303
10479
12458
12759
13069
13130
8384
8386
8341
8266
8035
7549
8558
8587
8713
8663
8622
8684
8728
8697
8036
8050
8844
8869
8832
8848
8802
8851
8840
8840
8059
8077
8952
8968
8880
8928
9016
9118
9071
9042
7971
8149
9063
9070
8981
8566
9140
9210
9215
9200
8363
8509
9155
9115
9057
8935
9213
9138
9001
8973
8428
8368
8586
8552
8346
8774
9185
8914
8680
8447
8495
8223
8225
8320
8246
8228
9744
9675
9640
9631
9582
9517
9497
9322
9210
9083
9868
9711
9658
9576
9546
9251
9132
8930
8781
8704
12722
11012
8128
9074
10703
10134
10004
11175
10763
10398
8630
8542
8536
6686
6868
7363
8569
8454
8382
8553
8793
8689
8560
8508
8159
6379
7001
7616
8287
8644
8953
8916
8878
8886
8891
8781
7892
8396
8863
8935
7118
8735
9024
9056
9088
9096
9084
9136
9144
9160
6524
8581
9089
9104
9182
9177
9192
9228
9240
9240
6371
7358
7067
7160
7091
7073
7083
7021
6912
6794
7533
6903
6209
4469
4950
4934
5061
5220
5083
4973
7640
7066
8383
8659
8651
8737
8732
8840
9007
9035
7248
6868
8574
8800
9163
9198
9225
9217
9251
9238
10306
10456
10218
10089
9868
9966
10009
10065
10210
10101
8771
8882
8947
8994
9037
8970
9114
9238
9294
9378
8765
8807
8832
8842
8908
8948
9007
8984
9055
9142
8940
8962
8978
9016
9043
9075
9102
9114
9107
9122
9162
9175
9186
9184
9204
9232
9285
9338
9411
9332
9236
9245
9272
9272
9313
9406
9224
9027
9056
9045
6777
7397
7542
7787
7379
7320
7556
7625
7759
7746
4709
6010
8376
10233
8829
9001
9033
9032
9112
9282
9186
9214
9248
9281
9311
9301
9364
9447
9481
9508
9264
9228
9216
9211
9263
9312
9272
9242
9267
9362
10057
10144
10256
10267
10238
10333
10355
10286
10272
10268
9347
9441
9470
9473
9469
9559
9558
9556
9537
9521
9200
9233
9269
9272
9316
9301
9289
9297
9355
9079
9185
9242
9264
9320
9400
9048
8976
9057
9093
9218
9149
8894
8973
9076
9093
9185
9329
9607
9642
9736
9068
9102
9284
9652
9667
9710
9716
9738
9786
9924
7778
7867
7844
7997
7822
7911
7886
7907
8007
8084
9361
9454
9453
9360
9275
9343
9414
9422
9510
9571
9560
9582
9621
9646
9704
9608
9726
9797
9888
9959
9468
9506
9557
9632
9664
9684
9699
9642
9792
9882
10121
9989
9945
9829
9806
8702
8135
9506
9412
9766
9459
9432
9227
9091
9150
8212
8010
9139
9306
9543
8931
8951
9015
9067
9155
8030
7826
9281
9611
9720
9367
9660
9673
9708
9754
9775
9880
9852
9925
9990
9803
9785
9775
9826
9904
9856
9964
9963
10027
10072
10015
9981
9960
9916
10007
10074
10128
10163
10207
10244
8028
8013
8070
8075
8122
8143
8128
8081
8052
7124
9568
9621
9660
9815
9827
9875
9934
9947
9878
7812
9965
9976
10039
10048
10090
10112
10148
10112
10112
10172
9948
9965
10010
10046
10064
10080
10111
10104
10140
10264
9842
9964
9994
10075
10197
10241
10299
10358
10484
10545
9738
9883
9946
9999
9974
10037
10096
10132
10186
10253
9831
9856
9956
9985
10014
10046
10116
10166
10191
10248
10013
10041
10078
10106
10145
10168
10233
10287
10338
10398
10115
10155
10197
10218
10257
10299
10334
10424
10475
10493
10344
10445
10522
10539
10461
10513
10524
10572
10550
10611
6652
6531
6364
6446
6501
6499
6503
6530
6582
6829
6444
6139
5893
5943
6063
5881
5759
5766
5755
5608
10246
10278
10292
10316
10407
10444
10520
10528
10572
10658
10354
10383
10424
10441
10495
10496
10560
10606
10677
10829
10456
10473
10579
10605
10594
10648
10705
10794
10816
10910
10240
10348
10427
10474
10507
10559
10647
10758
10880
10964
10271
10325
10401
10474
10546
10646
10751
10913
10969
11051
10441
10486
10528
10602
10710
10859
10971
11076
11146
11238
10590
10622
10633
10717
10843
11008
11118
11283
11373
11504
10656
10889
10897
10983
11085
11183
11345
11524
11663
11672
7988
8321
8578
8739
8845
8851
9067
9253
9174
9075
9355
10480
10659
10768
10842
10812
10903
10893
10704
10554
10884
10912
11027
11067
11108
11136
11178
11200
11213
11120
10894
10943
11005
11056
11136
11172
11254
11321
11380
11344
11039
11046
11038
11109
11084
11120
11313
11670
11887
9662
11056
11104
11124
11201
11260
11333
11279
10647
10360
9469
11167
11261
11317
11305
11441
11595
11631
10854
10614
10896
11356
11458
11539
11554
10600
11271
12338
12654
12945
11553
11541
11652
11594
10875
8815
11593
12501
12830
13199
11898
11728
11744
11697
11068
8825
12190
12681
13038
13342
11797
9055
8897
8569
8069
8590
9407
8933
9032
9183
9708
10379
10224
9703
8904
9415
9848
9976
9879
9900
9697
11013
10726
10076
8737
10839
10242
10108
10005
9820
9269
11234
10819
10013
8445
10178
10014
9902
9771
9599
9352
9937
9545
9310
9168
9817
9022
9069
8959
9000
8850
10117
9692
9422
9243
9156
9093
8962
8840
8826
8671
8982
8457
8206
8016
7844
7743
7639
7625
7542
7423
8177
7778
7469
7290
7136
7009
6975
6895
6920
6897
7917
7723
7469
7293
7211
7120
7094
7054
7038
7010
8713
7483
6457
6089
6365
6758
6951
6169
4842
4104
3135
3059
2763
2562
2327
2233
2153
2089
1966
1795
3080
3127
3966
3971
4000
3594
3024
2643
2352
3240
6051
6026
5963
4474
4116
3965
3720
3906
3057
3558
4235
3603
2911
2394
2257
2145
2424
2683
2711
2186
7100
7114
8994
9085
9061
9099
9125
9141
9168
9168
6638
7206
8797
8836
8863
8885
8892
8958
8944
8992
6529
7177
7585
7613
7659
7671
7660
7684
7755
7789
6864
6908
6915
6896
6896
6896
6928
6928
6945
6992
6943
6901
6907
6872
6870
6864
6896
6944
6972
7006
3793
3953
4577
5373
6660
6851
6821
6841
6899
6928
1903
1676
1557
1476
1308
2180
3219
2907
2045
1367
3826
3401
2030
1831
1903
1691
1599
1685
1852
1677
3457
3123
3157
2617
3169
3069
2248
2601
1933
2363
1725
1783
1769
1776
1734
2240
2990
4075
3498
3331
9184
9168
9168
9168
9195
9214
9230
9239
9269
9313
8993
9000
8984
8932
8961
8976
9025
9035
9058
9083
7795
7822
7835
7846
7880
7892
7951
8038
8126
8109
6992
7000
7036
7068
7080
7062
7088
7072
7119
7191
7034
7018
7042
7034
7041
7088
7124
7193
7233
7289
6101
5555
5835
6588
6551
6499
6484
6510
6499
5608
1402
1349
1365
1234
2039
2591
2887
2128
1202
1274
1874
2083
1988
1826
1599
1703
1615
1647
1749
1864
2964
3066
3769
3285
3119
2255
2134
2139
2103
2592
2670
1919
1758
1787
2134
2743
2777
2591
2561
2742
9337
9432
9479
9543
9599
9609
9631
9594
9705
9750
9104
9238
9269
9322
9403
9408
9406
9444
9525
9555
8154
8251
8408
8532
8489
8523
8559
8580
8649
8686
7284
7297
7354
7368
7396
7455
7473
7452
7357
6089
7309
7355
7368
7377
7414
7392
7365
7304
7211
6883
4723
4671
5452
6940
7010
7056
7130
7223
7292
7384
1521
1401
1272
1301
3005
5277
7085
7260
6697
5451
1816
1926
1468
1600
1523
1303
1217
1289
1406
1576
3425
3864
3724
3870
2015
1835
1767
2349
2410
3120
1974
1880
1837
1825
1896
2905
4802
5838
5881
6033
9808
9820
9897
9953
9970
9974
9999
10042
10116
10203
9629
9648
9696
9697
9719
9774
9796
9840
9978
10046
8655
8919
8848
8847
9028
8961
9086
9237
9287
9302
6373
7460
7659
7678
7918
7849
7928
8041
8120
8142
6741
7345
7766
7849
7845
7956
6708
6896
7400
8208
7429
7503
7520
7545
5620
2154
1726
1723
2583
5664
4107
3152
2755
1882
1585
1598
1994
2288
2974
3450
1499
1526
1572
2026
2138
2790
4043
4261
4823
5101
3597
3770
4908
4959
5075
6728
5833
6445
7295
7577
6183
5877
4766
3320
2926
2155
1957
2050
3291
5727
10224
10268
10273
10371
10425
10459
10518
10577
10651
10834
10066
10103
10144
10204
10267
10344
10431
10502
10602
10736
9332
9422
9473
9583
9685
9766
9938
10046
10237
10176
8186
8290
8398
8480
8591
8650
8789
8970
9095
8966
8292
8346
8384
8436
8579
8672
8871
8938
9112
9260
4784
4870
5350
6243
7046
8411
8640
8740
8827
8999
3424
3389
3204
2797
2475
2882
4254
3904
3084
2979
5197
5071
5262
5348
4757
4286
3684
3655
4025
4271
7685
7581
7460
6483
5460
5119
5219
5459
5806
5898
5540
5863
5995
6258
6614
7045
6725
6546
6517
6496
10845
10943
11020
11079
11168
11264
11278
11392
11414
11286
10818
10907
10976
11103
11178
11234
11206
11161
10997
10772
10402
10541
11157
10677
10907
10695
10783
10756
10567
10398
9153
9202
9583
9446
9627
9636
9709
9993
10113
10116
9450
9384
9734
9850
9808
9819
9956
10191
10228
10299
9043
9168
9304
9452
9514
9644
9665
9755
9817
9891
3120
3316
3918
4941
5882
6638
7287
6865
5925
4750
4477
4688
4555
4289
4225
4173
4176
4216
4423
4578
5758
5429
5452
5810
5584
6047
5606
5983
5913
6499
6544
6664
6849
7252
7108
7439
7108
7380
7047
7316
11019
10629
9954
8233
9721
9808
9614
9505
9366
9216
10534
10277
9659
8041
9387
9597
9401
9249
9126
8978
10273
10036
9579
7833
9238
9429
9247
9090
8894
8704
10240
10387
10339
10242
10437
10403
10388
9317
9689
11368
10361
10379
10430
10430
9828
8967
8473
9421
11433
11776
9994
9437
9171
9032
9298
9998
11029
11448
11818
11876
4245
4444
4722
4890
5051
5280
5877
7039
8474
10159
4801
5371
5904
6437
6242
6253
6016
5998
5853
5978
6897
7096
7145
7295
7138
6806
6659
6693
6693
6885
7109
7294
7130
7394
7636
7587
7716
7807
7897
7989
2873
2683
2556
2381
2214
2068
2097
2020
1895
1897
2663
2593
2449
2332
2112
2091
2040
2027
1943
1980
2560
2473
2428
2204
2103
1949
1911
1908
1881
1772
2505
2452
2361
2134
2089
1891
1938
1797
1666
1572
2488
2357
2244
2137
2000
1963
1856
1683
1593
1613
2461
2376
2233
2094
1983
1874
1716
1757
1717
1707
2495
2333
2272
2069
1963
1834
1859
1776
1771
1744
2348
2332
2190
2048
1830
1906
1869
1808
1597
1725
2392
2296
2278
1933
1981
1840
1879
1738
1662
1701
2494
2405
2472
2460
2587
2636
2145
1838
2190
1852
1897
1887
1909
1950
1963
1923
1976
1952
1941
1935
1872
1839
1823
1809
1799
1856
1823
1788
1785
1884
1615
1608
1636
1659
1717
1759
1860
1883
1819
1778
1501
1410
1538
1596
1762
1767
1876
1895
1898
1890
1466
1501
1558
1654
1671
1769
1873
1885
1870
1754
1551
1511
1550
1626
1698
1822
1850
1762
1595
1643
1549
1503
1606
1605
1654
1653
1718
1875
1694
1603
1666
1612
1712
1758
1734
1789
1714
1600
1572
1522
1727
1853
1880
1983
1943
2076
1715
1607
1677
1703
1971
2045
2018
1997
2130
1711
1631
1635
1939
2203
1876
1833
1814
1823
1947
1967
1915
1917
1989
1855
1908
1860
1913
1815
1745
1764
1793
1791
1794
1784
1781
1817
1878
1861
1758
1697
1725
1804
1730
1665
1866
1862
1860
1857
1789
1675
1508
1401
1319
1298
1714
1884
1894
1857
1703
1680
1396
1200
1144
1162
1655
1835
1977
1837
1634
1392
1159
1229
1239
1240
1410
1912
1860
1776
1728
1255
1284
1281
1362
1395
1402
1810
1720
1823
1577
1462
1395
1402
1398
1375
1636
2157
2106
1764
1612
1588
1481
1479
1483
1500
2122
2259
2056
1700
1722
1728
1597
1627
1614
1528
1827
1730
1774
1839
1970
1913
2049
1929
2039
1864
1754
1729
1684
1708
1754
1810
1760
1796
1800
1587
1596
1531
1565
1610
1846
1755
1836
1831
1760
1627
1310
1262
1319
1326
1522
1730
1804
1526
1709
1590
1138
1145
1229
1248
1594
1749
1567
1582
1614
1569
1210
1172
1184
1183
1274
1575
1513
1554
1478
1478
1353
1286
1282
1280
1502
1552
1301
1285
1366
1362
1336
1321
1237
1216
1382
1583
3497
6177
4597
3732
1475
1448
1392
1487
1698
1686
5636
6694
6334
6418
1456
1490
1469
1439
1508
1924
5868
7032
7230
6405
1872
1852
1684
1720
1677
1214
1299
1474
1689
1717
1681
1579
1578
1666
1385
1398
1500
1539
1549
1661
1441
1409
1331
1392
1391
1460
1596
1537
1511
1592
1497
1434
1510
1403
1295
1448
1575
1513
1496
1476
1577
1482
1422
1224
1078
1196
1513
1472
1441
1503
1360
1418
1439
1166
1253
1358
1459
1416
1448
1429
1257
1368
1415
1482
1348
1520
1483
1469
1427
1404
4228
3664
3506
3881
3402
2749
3075
2916
3603
3145
6377
6419
6270
6324
6312
6571
6709
5886
7057
5941
6655
6723
6026
5707
6930
5908
7156
5673
7022
5874
1841
2004
2098
2343
2549
2740
3201
4176
3764
3166
1755
1922
1853
1873
2096
2094
2284
2432
2429
2536
1726
1858
1908
2021
2147
2251
2347
2436
2512
2576
1594
1846
1912
1934
2058
2207
2318
2390
2473
2544
1524
1696
1810
1906
1998
2145
2312
2391
2484
2532
1614
1657
1711
1782
1906
1976
2129
2279
2260
2443
1655
1476
1683
1709
1783
1894
2011
2165
2246
2300
3876
1775
1855
1852
1857
1896
1971
2080
2166
2305
7052
3461
1758
1746
1891
1893
1947
2082
2189
2171
7787
3834
1873
1806
1900
1908
2013
2096
2106
2023
3059
3198
3337
3649
3873
4731
5669
6302
5974
5715
2603
2766
2879
2956
3041
3330
3482
3651
3632
3676
2720
2713
2794
2908
3090
3100
3355
3397
3552
3663
2614
2720
2720
2868
3014
3191
3297
3374
3419
3560
2589
2638
2784
2816
2936
3118
3216
3316
3397
3491
2483
2510
2652
2740
2828
2920
3018
3214
3279
3326
2373
2433
2552
2613
2728
2848
2936
3154
3351
3273
2384
2496
2563
2503
2667
2846
3322
3943
3627
3939
2216
2364
2477
2478
2575
3658
5124
4398
3629
3240
2145
2297
2432
2492
3109
6506
4897
2750
2817
2844
4886
4388
4428
4500
4779
5021
5764
7001
7822
7804
3685
3895
3997
4082
4276
4439
4706
5086
5449
5968
3696
3858
3893
4121
4218
4400
4619
4838
5094
5128
3640
3720
3873
3984
4115
4305
4548
4632
4727
4773
3575
3715
3784
3880
4036
4223
4332
4608
4736
4810
3447
3616
3670
3760
3909
4128
4229
4321
4394
4656
3239
3442
3550
3682
3755
3873
4016
4302
4450
4351
3351
3410
3420
3612
3675
3760
3892
4103
4256
4118
3134
3283
3275
3358
3584
3680
3789
3931
4094
4155
2963
3117
3125
3224
3368
3440
3679
3824
3909
3956
4814
4821
4663
4392
4539
4737
4118
4312
4137
3594
4546
4524
4614
4739
4594
4645
4297
4434
4330
4465
3826
3763
4065
4229
4443
4433
4643
3814
3746
3676
4468
4404
3472
4181
4278
4788
5066
4863
4750
4842
4335
4297
4145
4026
4347
4853
5077
4974
4773
4683
4471
4426
3955
3790
4132
3950
4122
4866
5017
5104
4734
4590
4076
4116
3844
3721
3591
4760
4929
5037
4670
4395
4183
3874
3891
3908
4024
4386
5048
4982
4771
3796
4077
4118
3940
3865
4241
4551
4978
4682
4747
3544
4121
4100
4043
4271
4387
4482
4914
4816
3201
3140
4219
3922
3328
2901
3104
3037
2336
2816
3403
3150
4036
3858
4116
3799
5023
4888
4945
5106
3211
2954
2803
2567
2538
3008
4513
4650
4751
4886
5069
5190
4768
3687
3139
3280
3503
3692
4011
4058
4641
5230
4928
3366
4187
4340
4149
4579
4676
4796
4475
4776
4424
3597
4110
4311
4505
4604
4587
4527
4530
4590
3391
3741
4386
4430
4373
4320
4589
4640
4682
4332
3727
4290
4358
4310
4372
4974
4623
4722
4725
4549
3789
4345
4832
4882
4994
4869
4894
4660
4855
4568
3629
4063
4330
4652
4823
5272
5104
4297
2794
3654
2609
2557
2589
2137
2081
2155
2231
2317
5259
5481
4814
3792
3231
2823
2636
2835
2618
2381
4325
4537
5615
3811
3643
3096
2901
3145
2796
2542
4429
4026
4446
3759
3575
2989
2968
3280
2693
2461
4637
3922
4450
3430
3374
2885
2823
3148
2598
2374
4417
4205
4872
3072
3147
2817
2631
2861
2408
2204
4329
4101
4548
2866
2993
2589
2465
2628
2163
2126
4715
4413
4829
2645
2855
2493
2458
2462
2104
2039
4174
4208
4114
2484
2620
2388
2413
2466
2372
2182
3907
4119
3975
2278
2471
2317
2324
2259
2294
2092
2386
2383
2334
3322
2638
1942
6599
6508
6730
6913
2341
2111
5072
4780
4977
5598
6868
6548
7134
7195
2473
2027
5461
4911
5252
6563
6801
7443
6687
7633
2515
2276
5252
5401
4371
6220
7129
6944
7234
7323
2469
2387
5715
5413
4918
6987
7431
7076
7135
7743
2375
2649
5524
5495
5676
7369
7225
7705
6663
7783
2273
2462
5329
5798
6318
7493
7645
6967
7740
6952
2113
2492
5611
5995
6658
7269
7724
8066
7082
8335
2079
2863
5978
5819
6090
7960
7124
7342
7357
7278
2111
3041
5641
5411
6757
6933
8453
7388
6887
8655
7440
6145
6872
6393
7096
6492
6857
6716
7071
6607
6831
7006
6533
7383
6727
6710
7170
7281
6992
6150
6913
7001
6803
6477
7937
6608
7418
6830
7160
6453
7189
7174
7321
6883
6902
7562
6869
7375
7018
6639
6863
7868
7199
7542
7292
6952
7626
6657
7594
6367
6730
7564
7535
7283
7374
7574
6791
8358
6840
6984
7709
7856
7074
8579
6979
8073
7715
7587
8348
6354
6983
7894
7594
7272
7752
7398
7572
7445
7094
7492
7974
7199
7831
7733
7585
8362
7704
7662
8116
6428
7415
8310
7172
7809
7425
8012
7846
7855
6751
7857
6997
6327
1793
1907
1892
1979
2086
2141
2190
2148
8406
7347
2020
1948
1914
1978
2045
2305
3104
2683
7660
8999
4173
4264
3513
3649
4471
5181
5324
3602
9186
9999
5096
5101
5182
5373
5514
4571
5587
5367
8884
10426
5177
5296
5215
5301
5272
5627
5610
5559
9739
9897
5216
5428
5417
5601
5774
5857
6295
6750
10308
10109
5362
5387
5485
5611
5642
5782
5844
5847
10338
9843
5137
5145
5666
5780
5539
5226
4682
4252
10709
9065
5057
5027
5108
5319
4490
4290
4339
4272
9856
8708
4777
5047
5176
4831
4410
4545
4438
4442
2141
2266
2480
2475
4096
3081
2688
2652
2857
2805
2402
2366
2426
2580
5810
2373
2643
2695
2756
2835
2559
2241
2899
4498
2911
2538
2576
2697
2717
2793
4495
4350
5083
3310
3087
3088
3197
3412
3649
3831
4970
4698
4582
4526
4466
4695
4713
4638
4636
4445
5188
4843
4704
4721
4547
4327
4337
4396
4473
4245
5289
4787
4601
4800
4893
4739
4814
4758
4817
4780
4655
4507
4654
5063
5009
5070
5045
5022
4809
4789
4833
4482
4994
5069
5033
4995
5026
4906
4700
4807
4111
4445
4983
4973
4792
4789
4932
4972
4923
4890
2889
2980
3035
3245
3295
3310
3508
3646
3688
3742
2816
2911
2962
3106
3187
3168
3443
3514
3526
3538
2830
2882
2973
3116
3144
3300
3379
3439
3455
3502
4118
4255
4000
3850
3422
3768
4025
3783
4019
3755
4313
4298
4222
4372
5012
4767
4954
4975
5543
5491
3919
4041
4164
4107
4363
5626
6033
6184
5878
6015
4739
4642
4587
4129
4346
5778
5962
5735
5950
5869
4677
4889
4840
4627
4255
6486
6487
6244
6170
6172
4783
4806
4590
4438
4644
6528
6251
5951
6043
6312
4794
4627
4483
4385
4851
5987
5793
5809
6129
6442
4366
3804
3885
4014
4123
4272
4279
4267
4399
4678
4124
3885
3587
3727
3811
3921
3848
4060
4246
4405
3463
3557
4062
4468
4164
4577
4630
3806
3336
3736
5432
4900
5415
5841
5626
4851
4434
3731
3211
3539
8117
8132
7867
7811
7213
6987
5911
5586
4965
4734
9053
9187
9119
9054
8930
8708
8391
8132
7983
7705
9730
9808
9850
9642
9319
9025
8714
8336
8209
8275
9275
9697
9763
9755
9612
9526
9148
8640
8494
8256
9415
9507
9753
9806
9495
9560
9553
9305
9162
9270
10035
9889
10085
10190
10136
10031
9755
9642
9465
9531
4682
4041
4464
4996
5156
4748
4267
4405
4836
4421
3991
4579
5005
5181
4616
4337
4147
4328
4536
4394
4571
4129
4014
4445
5413
5794
5332
4835
4147
4565
3577
3937
4591
4942
5352
4945
6518
4867
5935
4113
5642
4522
3979
3950
4204
4087
4140
4269
3714
2800
7724
7749
7772
7444
7253
7283
7318
7373
6851
6283
8275
8341
8390
8321
8237
8066
8094
8097
7949
7808
8409
8456
8362
8376
8194
7919
8125
7832
7863
7940
9168
8909
8166
7805
7448
7977
8220
7949
7747
7853
9580
9347
9162
9049
8937
8916
8572
8703
8690
8520
4160
3976
3759
2494
2596
2361
2251
2145
2346
2202
4372
4002
4267
4201
4172
3710
3408
3506
2961
2770
4496
4000
3954
4150
3597
3889
4355
4060
4557
5181
3552
3688
3755
4437
4317
3975
5096
4452
4083
4560
2620
4753
5099
5172
4486
3960
5250
4364
4904
4359
5886
5520
6001
5793
5627
4756
4692
5091
6197
4486
7844
7809
7854
7863
7838
7655
7725
7388
6881
5799
7899
7528
7499
7471
7484
7534
7936
8108
8260
8126
7621
7480
7388
6987
7113
7353
7307
7577
7580
7756
8237
8167
7969
7795
7687
7868
8067
7783
7945
7982
2080
3205
5441
4531
6042
7426
7955
7361
7592
7541
2687
3789
4820
4418
6239
7121
8800
6906
8049
8300
4866
4330
3738
4551
6993
7380
7656
7947
7178
7551
4945
4133
4061
4230
6906
7484
7649
7263
8925
7525
3861
3567
3745
4499
7753
7042
7158
7585
7170
7446
3952
3408
3952
6333
6922
8666
7761
6526
7979
6637
5599
5191
5532
7021
7332
7819
7184
8229
6939
7655
8044
8574
8693
8008
7252
8419
7677
6825
7065
6870
7701
7874
7945
7360
8238
8224
7639
8296
7031
7251
8113
8110
6852
8275
6699
7575
7058
6348
7181
6109
8201
7311
7526
8468
7140
8844
7012
7929
7067
8167
7357
8426
7365
7713
7668
7494
7794
6865
7041
8772
8149
7348
8533
8074
7379
8548
6890
7719
8048
7367
7237
8683
7449
8167
7673
6966
7683
8221
7192
9239
8037
7378
9021
8014
7362
8660
7480
9161
7928
7368
7796
7101
6666
8167
8144
7657
8251
8583
7243
8985
7856
6851
8760
6769
7881
8149
6838
7062
7421
7623
6694
7250
6632
7067
8032
7896
8435
8790
6888
8195
7991
6009
7717
6541
6559
7967
6979
6863
7688
6306
6856
7848
6592
6369
7761
6337
6967
8547
6224
7845
9623
7473
4594
4766
5257
4534
4494
4467
4504
4441
9324
6441
4151
4402
4095
4370
4357
4424
4563
4696
9573
6437
4338
4549
4664
4432
4405
4495
4511
4589
9805
6797
4167
5255
5722
5551
5275
4904
4690
4796
10070
6773
5242
5550
5634
4994
5493
5490
5322
5544
9674
5045
4883
5081
5817
6569
5249
4712
5527
5043
9323
5577
4373
4614
6474
5230
7273
5418
4874
4184
7408
4920
5008
6528
5487
5453
6128
5557
3949
3459
6980
9359
7168
7696
6592
6495
6209
6787
7335
7422
6789
11037
10335
10622
10985
11219
11416
11823
11824
11714
3984
4659
4839
4809
4843
4814
4826
4953
4970
4773
4228
4386
4780
4850
4998
4861
4762
4777
4780
4802
4547
3990
4905
5037
5002
4932
4831
4929
5674
5702
4833
3591
4925
5079
5644
5923
5519
5238
5653
5477
4890
4088
5052
5328
5287
5826
6675
5164
6957
5192
3650
4532
5230
5252
5521
5172
5301
5164
5553
5433
3382
4304
5030
5631
5823
5254
6493
5517
6903
4494
4064
5112
5841
5158
4353
3865
4553
4981
4013
5028
7837
8166
9023
9651
9551
9029
8756
8554
9861
9088
12046
12136
12416
12426
12406
12489
12551
12456
12343
11942
4640
4614
4665
4483
5398
5733
5740
5779
5570
5755
4744
4481
4040
3936
5620
5458
5254
5460
5741
5017
4635
4255
4413
4087
5543
4870
5363
5169
4900
5194
4721
5792
4378
4798
5459
4779
5187
5533
5277
5331
5897
5455
5388
5526
5382
5127
5534
5829
5896
5974
6512
5286
6307
5263
5539
5384
5755
5948
6124
6243
4631
5045
5546
5135
5177
4913
5240
6361
5796
6413
4503
4134
4216
4877
4069
4726
5655
5496
5992
5559
8392
4444
4024
3999
5458
6032
5947
5765
5739
5560
10665
5834
4832
5473
5239
4611
6331
6000
6698
6383
10518
10577
10554
10720
10573
10436
9716
9682
9800
9871
10441
10900
10858
10994
11053
10565
9938
9834
10226
10420
10570
10586
10580
10909
10976
10849
10823
11006
10905
10915
10166
10188
10663
10900
11029
11281
11715
11724
11543
11395
10393
10826
11003
11060
11122
11115
11214
11537
11741
12035
10211
10103
10204
10271
10477
11146
11590
11688
11887
11979
9805
9678
9634
9624
9882
10413
10718
10865
10997
10973
9974
9930
9585
9734
9902
10156
10303
10239
10234
10212
10245
10251
10325
10326
10709
11066
10446
10180
10274
10361
10504
10700
11000
11378
11572
11238
11051
10775
10527
10486
10068
9998
10147
9878
9998
9363
9191
9273
9146
8868
10627
10748
10609
10683
10792
10363
10095
10173
10261
10238
11075
11013
11191
11239
11121
11280
11383
11406
10719
11210
11609
11567
11870
11894
12049
11941
11900
11896
11731
12015
12030
12083
12224
12202
12152
12004
11977
11885
12118
12228
11814
12128
12194
11847
12030
12117
12375
12589
12093
12485
10955
10805
10930
10650
11246
11632
11965
12348
12189
12303
10419
10076
10286
10709
10620
10821
11238
11507
11542
11904
10318
10186
10237
10117
9893
9889
10326
10240
10520
11156
10568
10585
10376
9979
10032
10137
10044
10260
10227
10625
8696
8478
8262
8120
7902
7921
8082
8137
7913
7893
10024
9867
9625
9572
9084
8688
8536
8508
7998
7946
11194
10895
10865
10781
10577
10245
9975
9507
9056
8451
11977
11718
11932
11824
11572
11483
11637
11560
11395
10776
11953
12113
12482
12440
12523
12634
12695
12687
12560
12545
12464
12324
12800
12753
12923
13010
12686
12971
13044
13172
12544
12724
12746
12834
13075
13142
13261
13004
12966
13350
12461
12587
12368
12613
12781
13130
13193
13240
13346
13570
11651
11628
11703
12017
12223
12476
12615
12936
12418
13462
10833
11265
11659
11737
11855
12013
11966
11521
11464
12754
7661
7290
7002
6643
6687
6600
6235
8124
6654
7514
7768
5959
6032
8697
7576
7535
6706
6893
6764
6621
7704
5157
7070
7415
7180
6720
6923
7302
6142
8114
9739
8860
8008
7460
7478
8611
9293
9061
8743
8831
12342
12789
12825
12565
12299
12124
11801
11139
10801
9952
13026
13152
13478
13581
13659
13772
13978
13616
12998
13200
13675
14007
14206
13780
13748
14048
14030
14200
14374
14224
13675
13476
14076
13581
13339
14078
14480
14349
14285
14593
13764
13827
13191
13392
14010
14295
14108
13909
14041
13896
12984
13077
13235
13678
13355
13281
13397
13630
13836
13951
7400
6214
7357
6516
7338
7575
7659
6365
7067
7704
6607
8112
7620
6983
8145
6996
7230
7993
7014
6804
7835
7052
7379
7027
7226
7512
8683
7383
7465
6944
8459
8967
8834
5724
6858
6570
5751
5576
6133
6123
8514
8490
8190
7897
8150
8185
6666
7116
6647
7058
13025
12853
12643
12396
11678
10813
9438
8050
7906
6349
13868
13944
14084
14120
14300
14407
14282
14011
13814
13666
14471
14617
14465
14431
14340
14425
14471
14675
14894
14911
14080
14291
14469
14729
14561
14636
14763
14556
14110
13804
13757
13881
14191
14214
13921
14534
14592
14776
14425
14200
6658
11677
11412
11781
11903
11355
11475
11334
11851
12295
7409
10160
11906
12163
12490
12437
12454
12582
12652
12760
7501
11654
12454
12769
13028
13036
13070
13151
13228
13288
10059
10689
13235
13444
13597
13695
13644
13756
13698
13526
8173
11461
12935
13916
14075
14009
13976
13690
13456
13325
8266
8731
13200
14286
14493
14529
14425
14220
13870
14071
12960
12882
14259
14104
14250
14496
14726
14652
14793
14736
14587
14647
14402
14204
14067
13916
14348
14543
14596
14788
14195
14274
14614
14629
14565
14631
14624
14703
14750
15180
14057
14345
14480
14595
14791
15056
14852
14790
14933
14920
12303
12326
12634
12482
12310
12624
12802
12809
12632
12607
12756
12859
13069
13047
12842
12829
12972
13026
13262
13377
13240
13030
13093
13039
13119
13257
13395
13661
13660
13722
13411
13404
13618
13783
13617
13538
13649
13479
13559
13710
13698
14178
14034
13884
14025
13664
13758
13977
14125
14125
14074
14357
14269
14322
14224
14094
13929
13997
14129
14316
14606
14289
14322
14308
14076
13872
13677
13603
14171
14330
14794
14502
14120
13896
14090
13829
14060
13769
13550
13614
15364
14560
14121
13741
13680
13627
13155
13539
14177
14860
14499
14367
14499
14662
14641
14454
14085
13856
13646
13838
12755
12752
12676
12846
13169
12729
12391
11737
11572
11021
13232
13193
13056
13164
13195
13595
13869
13922
13737
13560
13711
13567
13648
13708
13942
13696
13697
14077
14219
14108
13621
13505
13645
13663
13874
13910
14038
14174
14410
14529
13925
13815
13955
13883
13761
13693
13683
13620
13362
13435
14309
14180
13977
13905
13477
13575
13634
13536
13652
13490
14449
14478
14326
14081
13798
13992
13915
13787
13667
13821
14165
14882
14651
14272
14006
13843
13720
13562
14048
14418
14850
14831
14915
14735
14664
14766
14826
14600
14362
14195
14001
14334
14635
14767
14885
14438
14466
14854
14804
14564
